1012,5
1012,4
1012,3
1012,2
1012,1
1012,0
1011,4
1011,3
1011,2
1011,1
1011,0
1010,3
1010,2
1010,1
1010,0
1009,3
1009,2
1009,1
1009,0
1008,3
1008,2
1008,1
1008,0
1007,3
1007,2
1007,1
1007,0
1006,3
1006,2
1006,1
1006,0
1005,5
1005,4
1005,3
1005,2
1005,1
1005,0
1004,4
1004,3
1004,2
1004,1
1004,0
1003,3
1003,2
1003,1
1003,0
1002,3
1002,2
1002,1
1002,0
1001,3
1001,2
1001,1
1001,0
1000,3
1000,2
1000,1
1000,0
999,3
999,2
999,1
999,0
998,5
998,4
998,3
998,2
998,1
998,0
997,4
997,3
997,2
997,1
997,0
996,3
996,2
996,1
996,0
995,3
995,2
995,1
995,0
994,3
994,2
994,1
994,0
993,3
993,2
993,1
993,0
992,3
992,2
992,1
992,0
991,5
991,4
991,3
991,2
991,1
991,0
990,4
990,3
990,2
990,1
990,0
989,3
989,2
989,1
989,0
988,3
988,2
988,1
988,0
987,3
987,2
987,1
987,0
986,3
986,2
986,1
986,0
985,3
985,2
985,1
985,0
984,5
984,4
984,3
984,2
984,1
984,0
983,4
983,3
983,2
983,1
983,0
982,3
982,2
982,1
982,0
981,3
981,2
981,1
981,0
980,3
980,2
980,1
980,0
979,3
979,2
979,1
979,0
978,3
978,2
978,1
978,0
977,5
977,4
977,3
977,2
977,1
977,0
976,4
976,3
976,2
976,1
976,0
975,3
975,2
975,1
975,0
974,3
974,2
974,1
974,0
973,3
973,2
973,1
973,0
972,3
972,2
972,1
972,0
971,3
971,2
971,1
971,0
970,5
970,4
970,3
970,2
970,1
970,0
969,4
969,3
969,2
969,1
969,0
968,3
968,2
968,1
968,0
967,3
967,2
967,1
967,0
966,3
966,2
966,1
966,0
965,3
965,2
965,1
965,0
964,3
964,2
964,1
964,0
963,5
963,4
963,3
963,2
963,1
963,0
962,4
962,3
962,2
962,1
962,0
961,3
961,2
961,1
961,0
960,3
960,2
960,1
960,0
959,3
959,2
959,1
959,0
958,3
958,2
958,1
958,0
957,3
957,2
957,1
957,0
956,5
956,4
956,3
956,2
956,1
956,0
955,4
955,3
955,2
955,1
955,0
954,3
954,2
954,1
954,0
953,3
953,2
953,1
953,0
952,3
952,2
952,1
952,0
951,3
951,2
951,1
951,0
950,3
950,2
950,1
950,0
949,5
949,4
949,3
949,2
949,1
949,0
948,4
948,3
948,2
948,1
948,0
947,3
947,2
947,1
947,0
946,3
946,2
946,1
946,0
945,3
945,2
945,1
945,0
944,3
944,2
944,1
944,0
943,3
943,2
943,1
943,0
942,5
942,4
942,3
942,2
942,1
942,0
941,4
941,3
941,2
941,1
941,0
940,3
940,2
940,1
940,0
939,3
939,2
939,1
939,0
938,3
938,2
938,1
938,0
937,3
937,2
937,1
937,0
936,3
936,2
936,1
936,0
935,5
935,4
935,3
935,2
935,1
935,0
934,4
934,3
934,2
934,1
934,0
933,3
933,2
933,1
933,0
932,3
932,2
932,1
932,0
931,3
931,2
931,1
931,0
930,3
930,2
930,1
930,0
929,3
929,2
929,1
929,0
928,5
928,4
928,3
928,2
928,1
928,0
927,4
927,3
927,2
927,1
927,0
926,3
926,2
926,1
926,0
925,3
925,2
925,1
925,0
924,3
924,2
924,1
924,0
923,3
923,2
923,1
923,0
922,3
922,2
922,1
922,0
921,5
921,4
921,3
921,2
921,1
921,0
920,4
920,3
920,2
920,1
920,0
919,3
919,2
919,1
919,0
918,3
918,2
918,1
918,0
917,3
917,2
917,1
917,0
916,3
916,2
916,1
916,0
915,3
915,2
915,1
915,0
914,5
914,4
914,3
914,2
914,1
914,0
913,4
913,3
913,2
913,1
913,0
912,3
912,2
912,1
912,0
911,3
911,2
911,1
911,0
910,3
910,2
910,1
910,0
909,3
909,2
909,1
909,0
908,3
908,2
908,1
908,0
907,5
907,4
907,3
907,2
907,1
907,0
906,4
906,3
906,2
906,1
906,0
905,3
905,2
905,1
905,0
904,3
904,2
904,1
904,0
903,3
903,2
903,1
903,0
902,3
902,2
902,1
902,0
901,3
901,2
901,1
901,0
900,5
900,4
900,3
900,2
900,1
900,0
899,4
899,3
899,2
899,1
899,0
898,3
898,2
898,1
898,0
897,3
897,2
897,1
897,0
896,3
896,2
896,1
896,0
895,3
895,2
895,1
895,0
894,3
894,2
894,1
894,0
893,5
893,4
893,3
893,2
893,1
893,0
892,4
892,3
892,2
892,1
892,0
891,3
891,2
891,1
891,0
890,3
890,2
890,1
890,0
889,3
889,2
889,1
889,0
888,3
888,2
888,1
888,0
887,3
887,2
887,1
887,0
886,5
886,4
886,3
886,2
886,1
886,0
885,4
885,3
885,2
885,1
885,0
884,3
884,2
884,1
884,0
883,3
883,2
883,1
883,0
882,3
882,2
882,1
882,0
881,3
881,2
881,1
881,0
880,3
880,2
880,1
880,0
879,5
879,4
879,3
879,2
879,1
879,0
878,4
878,3
878,2
878,1
878,0
877,3
877,2
877,1
877,0
876,3
876,2
876,1
876,0
875,3
875,2
875,1
875,0
874,3
874,2
874,1
874,0
873,3
873,2
873,1
873,0
872,5
872,4
872,3
872,2
872,1
872,0
871,4
871,3
871,2
871,1
871,0
870,3
870,2
870,1
870,0
869,3
869,2
869,1
869,0
868,3
868,2
868,1
868,0
867,3
867,2
867,1
867,0
866,3
866,2
866,1
866,0
865,5
865,4
865,3
865,2
865,1
865,0
864,4
864,3
864,2
864,1
864,0
863,3
863,2
863,1
863,0
862,3
862,2
862,1
862,0
861,3
861,2
861,1
861,0
860,3
860,2
860,1
860,0
859,3
859,2
859,1
859,0
858,5
858,4
858,3
858,2
858,1
858,0
857,4
857,3
857,2
857,1
857,0
856,3
856,2
856,1
856,0
855,3
855,2
855,1
855,0
854,3
854,2
854,1
854,0
853,3
853,2
853,1
853,0
852,3
852,2
852,1
852,0
851,5
851,4
851,3
851,2
851,1
851,0
850,4
850,3
850,2
850,1
850,0
849,3
849,2
849,1
849,0
848,3
848,2
848,1
848,0
847,3
847,2
847,1
847,0
846,3
846,2
846,1
846,0
845,3
845,2
845,1
845,0
844,5
844,4
844,3
844,2
844,1
844,0
843,4
843,3
843,2
843,1
843,0
842,3
842,2
842,1
842,0
841,3
841,2
841,1
841,0
840,3
840,2
840,1
840,0
839,3
839,2
839,1
839,0
838,3
838,2
838,1
838,0
837,5
837,4
837,3
837,2
837,1
837,0
836,4
836,3
836,2
836,1
836,0
835,3
835,2
835,1
835,0
834,3
834,2
834,1
834,0
833,3
833,2
833,1
833,0
832,3
832,2
832,1
832,0
831,3
831,2
831,1
831,0
830,5
830,4
830,3
830,2
830,1
830,0
829,4
829,3
829,2
829,1
829,0
828,3
828,2
828,1
828,0
827,3
827,2
827,1
827,0
826,3
826,2
826,1
826,0
825,3
825,2
825,1
825,0
824,3
824,2
824,1
824,0
823,5
823,4
823,3
823,2
823,1
823,0
822,4
822,3
822,2
822,1
822,0
821,3
821,2
821,1
821,0
820,3
820,2
820,1
820,0
819,3
819,2
819,1
819,0
818,3
818,2
818,1
818,0
817,3
817,2
817,1
817,0
816,5
816,4
816,3
816,2
816,1
816,0
815,4
815,3
815,2
815,1
815,0
814,3
814,2
814,1
814,0
813,3
813,2
813,1
813,0
812,3
812,2
812,1
812,0
811,3
811,2
811,1
811,0
810,3
810,2
810,1
810,0
809,5
809,4
809,3
809,2
809,1
809,0
808,4
808,3
808,2
808,1
808,0
807,3
807,2
807,1
807,0
806,3
806,2
806,1
806,0
805,3
805,2
805,1
805,0
804,3
804,2
804,1
804,0
803,3
803,2
803,1
803,0
802,5
802,4
802,3
802,2
802,1
802,0
801,4
801,3
801,2
801,1
801,0
800,3
800,2
800,1
800,0
799,3
799,2
799,1
799,0
798,3
798,2
798,1
798,0
797,3
797,2
797,1
797,0
796,3
796,2
796,1
796,0
795,5
795,4
795,3
795,2
795,1
795,0
794,4
794,3
794,2
794,1
794,0
793,3
793,2
793,1
793,0
792,3
792,2
792,1
792,0
791,3
791,2
791,1
791,0
790,3
790,2
790,1
790,0
789,3
789,2
789,1
789,0
788,5
788,4
788,3
788,2
788,1
788,0
787,4
787,3
787,2
787,1
787,0
786,3
786,2
786,1
786,0
785,3
785,2
785,1
785,0
784,3
784,2
784,1
784,0
783,3
783,2
783,1
783,0
782,3
782,2
782,1
782,0
781,5
781,4
781,3
781,2
781,1
781,0
780,4
780,3
780,2
780,1
780,0
779,3
779,2
779,1
779,0
778,3
778,2
778,1
778,0
777,3
777,2
777,1
777,0
776,3
776,2
776,1
776,0
775,3
775,2
775,1
775,0
774,5
774,4
774,3
774,2
774,1
774,0
773,4
773,3
773,2
773,1
773,0
772,3
772,2
772,1
772,0
771,3
771,2
771,1
771,0
770,3
770,2
770,1
770,0
769,3
769,2
769,1
769,0
768,3
768,2
768,1
768,0
767,5
767,4
767,3
767,2
767,1
767,0
766,4
766,3
766,2
766,1
766,0
765,3
765,2
765,1
765,0
764,3
764,2
764,1
764,0
763,3
763,2
763,1
763,0
762,3
762,2
762,1
762,0
761,3
761,2
761,1
761,0
760,5
760,4
760,3
760,2
760,1
760,0
759,4
759,3
759,2
759,1
759,0
758,3
758,2
758,1
758,0
757,3
757,2
757,1
757,0
756,3
756,2
756,1
756,0
755,3
755,2
755,1
755,0
754,3
754,2
754,1
754,0
753,5
753,4
753,3
753,2
753,1
753,0
752,4
752,3
752,2
752,1
752,0
751,3
751,2
751,1
751,0
750,3
750,2
750,1
750,0
749,3
749,2
749,1
749,0
748,3
748,2
748,1
748,0
747,3
747,2
747,1
747,0
746,5
746,4
746,3
746,2
746,1
746,0
745,4
745,3
745,2
745,1
745,0
744,3
744,2
744,1
744,0
743,3
743,2
743,1
743,0
742,3
742,2
742,1
742,0
741,3
741,2
741,1
741,0
740,3
740,2
740,1
740,0
739,5
739,4
739,3
739,2
739,1
739,0
738,4
738,3
738,2
738,1
738,0
737,3
737,2
737,1
737,0
736,3
736,2
736,1
736,0
735,3
735,2
735,1
735,0
734,3
734,2
734,1
734,0
733,3
733,2
733,1
733,0
732,5
732,4
732,3
732,2
732,1
732,0
731,4
731,3
731,2
731,1
731,0
730,3
730,2
730,1
730,0
729,3
729,2
729,1
729,0
728,3
728,2
728,1
728,0
727,3
727,2
727,1
727,0
726,3
726,2
726,1
726,0
725,5
725,4
725,3
725,2
725,1
725,0
724,4
724,3
724,2
724,1
724,0
723,3
723,2
723,1
723,0
722,3
722,2
722,1
722,0
721,3
721,2
721,1
721,0
720,3
720,2
720,1
720,0
719,3
719,2
719,1
719,0
718,5
718,4
718,3
718,2
718,1
718,0
717,4
717,3
717,2
717,1
717,0
716,3
716,2
716,1
716,0
715,3
715,2
715,1
715,0
714,3
714,2
714,1
714,0
713,3
713,2
713,1
713,0
712,3
712,2
712,1
712,0
711,5
711,4
711,3
711,2
711,1
711,0
710,4
710,3
710,2
710,1
710,0
709,3
709,2
709,1
709,0
708,3
708,2
708,1
708,0
707,3
707,2
707,1
707,0
706,3
706,2
706,1
706,0
705,3
705,2
705,1
705,0
704,5
704,4
704,3
704,2
704,1
704,0
703,4
703,3
703,2
703,1
703,0
702,3
702,2
702,1
702,0
701,3
701,2
701,1
701,0
700,3
700,2
700,1
700,0
699,3
699,2
699,1
699,0
698,3
698,2
698,1
698,0
697,5
697,4
697,3
697,2
697,1
697,0
696,4
696,3
696,2
696,1
696,0
695,3
695,2
695,1
695,0
694,3
694,2
694,1
694,0
693,3
693,2
693,1
693,0
692,3
692,2
692,1
692,0
691,3
691,2
691,1
691,0
690,5
690,4
690,3
690,2
690,1
690,0
689,4
689,3
689,2
689,1
689,0
688,3
688,2
688,1
688,0
687,3
687,2
687,1
687,0
686,3
686,2
686,1
686,0
685,3
685,2
685,1
685,0
684,3
684,2
684,1
684,0
683,5
683,4
683,3
683,2
683,1
683,0
682,4
682,3
682,2
682,1
682,0
681,3
681,2
681,1
681,0
680,3
680,2
680,1
680,0
679,3
679,2
679,1
679,0
678,3
678,2
678,1
678,0
677,3
677,2
677,1
677,0
676,5
676,4
676,3
676,2
676,1
676,0
675,4
675,3
675,2
675,1
675,0
674,3
674,2
674,1
674,0
673,3
673,2
673,1
673,0
672,3
672,2
672,1
672,0
671,3
671,2
671,1
671,0
670,3
670,2
670,1
670,0
669,5
669,4
669,3
669,2
669,1
669,0
668,4
668,3
668,2
668,1
668,0
667,3
667,2
667,1
667,0
666,3
666,2
666,1
666,0
665,3
665,2
665,1
665,0
664,3
664,2
664,1
664,0
663,3
663,2
663,1
663,0
662,5
662,4
662,3
662,2
662,1
662,0
661,4
661,3
661,2
661,1
661,0
660,3
660,2
660,1
660,0
659,3
659,2
659,1
659,0
658,3
658,2
658,1
658,0
657,3
657,2
657,1
657,0
656,3
656,2
656,1
656,0
655,5
655,4
655,3
655,2
655,1
655,0
654,4
654,3
654,2
654,1
654,0
653,3
653,2
653,1
653,0
652,3
652,2
652,1
652,0
651,3
651,2
651,1
651,0
650,3
650,2
650,1
650,0
649,3
649,2
649,1
649,0
648,5
648,4
648,3
648,2
648,1
648,0
647,4
647,3
647,2
647,1
647,0
646,3
646,2
646,1
646,0
645,3
645,2
645,1
645,0
644,3
644,2
644,1
644,0
643,3
643,2
643,1
643,0
642,3
642,2
642,1
642,0
641,5
641,4
641,3
641,2
641,1
641,0
640,4
640,3
640,2
640,1
640,0
639,3
639,2
639,1
639,0
638,3
638,2
638,1
638,0
637,3
637,2
637,1
637,0
636,3
636,2
636,1
636,0
635,3
635,2
635,1
635,0
634,5
634,4
634,3
634,2
634,1
634,0
633,4
633,3
633,2
633,1
633,0
632,3
632,2
632,1
632,0
631,3
631,2
631,1
631,0
630,3
630,2
630,1
630,0
629,3
629,2
629,1
629,0
628,3
628,2
628,1
628,0
627,5
627,4
627,3
627,2
627,1
627,0
626,4
626,3
626,2
626,1
626,0
625,3
625,2
625,1
625,0
624,3
624,2
624,1
624,0
623,3
623,2
623,1
623,0
622,3
622,2
622,1
622,0
621,3
621,2
621,1
621,0
620,5
620,4
620,3
620,2
620,1
620,0
619,4
619,3
619,2
619,1
619,0
618,3
618,2
618,1
618,0
617,3
617,2
617,1
617,0
616,3
616,2
616,1
616,0
615,3
615,2
615,1
615,0
614,3
614,2
614,1
614,0
613,5
613,4
613,3
613,2
613,1
613,0
612,4
612,3
612,2
612,1
612,0
611,3
611,2
611,1
611,0
610,3
610,2
610,1
610,0
609,3
609,2
609,1
609,0
608,3
608,2
608,1
608,0
607,3
607,2
607,1
607,0
606,5
606,4
606,3
606,2
606,1
606,0
605,4
605,3
605,2
605,1
605,0
604,3
604,2
604,1
604,0
603,3
603,2
603,1
603,0
602,3
602,2
602,1
602,0
601,3
601,2
601,1
601,0
600,3
600,2
600,1
600,0
599,5
599,4
599,3
599,2
599,1
599,0
598,4
598,3
598,2
598,1
598,0
597,3
597,2
597,1
597,0
596,3
596,2
596,1
596,0
595,3
595,2
595,1
595,0
594,3
594,2
594,1
594,0
593,3
593,2
593,1
593,0
592,5
592,4
592,3
592,2
592,1
592,0
591,4
591,3
591,2
591,1
591,0
590,3
590,2
590,1
590,0
589,3
589,2
589,1
589,0
588,3
588,2
588,1
588,0
587,3
587,2
587,1
587,0
586,3
586,2
586,1
586,0
585,5
585,4
585,3
585,2
585,1
585,0
584,4
584,3
584,2
584,1
584,0
583,3
583,2
583,1
583,0
582,3
582,2
582,1
582,0
581,3
581,2
581,1
581,0
580,3
580,2
580,1
580,0
579,3
579,2
579,1
579,0
578,5
578,4
578,3
578,2
578,1
578,0
577,4
577,3
577,2
577,1
577,0
576,3
576,2
576,1
576,0
575,3
575,2
575,1
575,0
574,3
574,2
574,1
574,0
573,3
573,2
573,1
573,0
572,3
572,2
572,1
572,0
571,5
571,4
571,3
571,2
571,1
571,0
570,4
570,3
570,2
570,1
570,0
569,3
569,2
569,1
569,0
568,3
568,2
568,1
568,0
567,3
567,2
567,1
567,0
566,3
566,2
566,1
566,0
565,3
565,2
565,1
565,0
564,5
564,4
564,3
564,2
564,1
564,0
563,4
563,3
563,2
563,1
563,0
562,3
562,2
562,1
562,0
561,3
561,2
561,1
561,0
560,3
560,2
560,1
560,0
559,3
559,2
559,1
559,0
558,3
558,2
558,1
558,0
557,5
